8
0-------4
4 4 5
ababc
a b b c
1 2 2
1 3 1
2 4 3
3 4 1
1-------4
4 4 5
abcbc
a b b c
1 2 2
1 3 1
2 4 3
3 4 1
2-------6
4 4 6
abcabc
a b b c
1 2 2
1 3 1
2 4 3
3 4 1
3-------5
5 6 6
abcabc
a b b c a
1 2 2
1 3 1
2 4 3
3 4 1
3 5 1
4 5 1
4------8
6 7 7
abcdabc
a b b c a d
1 2 2
1 3 1
2 4 3
3 4 1
3 5 1
4 5 1
1 6 1
5------9
6 7 7
badbacb
a b b c a d
1 2 2
1 3 2
2 4 3
3 4 1
3 5 1
4 5 1
1 6 1
6------9
7 8 7
badbacb
a b b c a d d
1 2 2
1 3 2
2 4 3
3 4 1
3 5 1
4 5 1
1 6 1
4 7 2
7------9
7 8 7
dacabcd
a b b c a d d
1 2 2
1 3 2
2 4 3
3 4 1
3 5 1
4 5 1
1 6 1
4 7 2

