1
100 465 20
jhlxdmfsqbfzwlhrlr
g b y q w e q p g s w x x s p s y w z g q w u y c f c g l z d x z q q d l z u w r x b p m r e j f h l w p g z g n h r c h q h y r b l d e g l p f s q z s j d w g b f b f h g q h q q m j d m s b y j r
1 6 495
1 8 864
1 26 165
1 27 836
1 35 585
1 39 172
1 59 810
1 65 411
1 70 221
2 6 356
2 23 932
2 47 272
2 58 975
2 86 826
2 93 133
3 7 325
3 25 25
3 27 229
3 42 793
3 47 283
3 48 792
3 81 433
3 82 898
3 97 1
3 99 245
3 100 17
4 5 867
4 11 616
4 14 280
4 27 484
4 53 622
4 54 901
4 55 237
4 74 656
4 82 258
4 88 650
4 90 827
4 100 449
5 10 358
5 11 766
5 15 389
5 16 285
5 25 475
5 28 525
5 44 921
5 71 134
5 85 827
5 87 965
5 93 31
6 34 973
6 37 692
6 41 428
6 49 744
6 54 300
6 57 583
6 64 264
6 70 533
6 74 839
7 9 17
7 10 201
7 29 329
7 72 642
7 73 992
7 79 842
7 89 900
7 90 750
7 91 402
7 93 893
7 96 873
7 98 328
8 37 360
8 41 76
8 44 63
8 51 929
8 70 473
8 95 879
9 11 846
9 12 396
9 47 801
9 52 974
9 64 199
9 71 995
9 81 325
9 83 323
9 85 495
9 96 158
10 12 502
10 35 479
10 41 785
10 47 994
10 53 921
10 54 381
10 58 277
10 62 108
10 66 477
10 73 131
10 82 483
11 14 358
11 22 681
11 23 521
11 25 232
11 43 313
11 51 73
11 59 936
11 65 679
11 68 886
11 89 394
11 91 411
11 99 627
12 19 343
12 20 673
12 68 242
12 76 251
12 85 464
12 86 738
12 93 844
13 32 790
13 38 246
13 39 552
13 59 873
13 64 868
13 67 284
13 89 538
14 18 629
14 44 675
14 45 903
14 52 137
14 53 992
14 78 357
14 82 401
14 84 906
15 16 429
15 21 904
15 25 259
15 27 683
15 29 461
15 37 171
15 43 570
15 47 293
15 83 438
15 86 776
15 91 126
16 17 152
16 31 301
16 36 905
16 57 481
16 64 1000
16 70 170
16 72 768
16 74 444
16 78 191
16 79 238
16 84 977
16 88 462
17 22 951
17 25 820
17 32 417
17 47 704
17 52 616
17 88 456
18 21 513
18 32 295
18 33 326
18 42 781
18 46 75
18 64 1000
18 70 525
18 83 834
18 88 223
18 98 664
18 100 894
19 25 806
19 29 833
19 31 907
19 32 986
19 40 83
19 44 170
19 54 535
19 55 376
19 60 153
19 73 808
20 24 945
20 26 255
20 63 155
20 78 44
20 84 794
20 94 442
20 96 614
21 22 72
21 57 948
21 84 676
21 85 205
21 90 98
22 23 915
22 25 678
22 27 779
22 30 511
22 32 367
22 45 452
22 81 698
22 89 843
22 96 167
22 100 342
23 35 782
23 63 82
24 28 425
24 33 367
24 40 234
24 46 475
24 90 877
24 92 34
24 94 90
25 27 983
25 31 107
25 36 667
25 54 732
25 69 500
25 70 786
25 90 42
26 39 209
26 41 662
26 74 38
26 93 428
27 53 205
27 68 778
28 42 763
28 75 124
28 76 166
28 86 653
29 34 141
29 37 361
29 39 285
29 43 985
29 47 688
29 48 502
29 54 519
29 71 242
29 98 72
30 43 644
30 44 424
30 57 41
30 70 863
30 74 876
30 90 448
31 36 246
31 44 976
31 70 266
31 91 925
31 95 273
31 96 960
32 45 267
32 53 939
32 72 597
32 85 328
32 89 951
33 34 490
33 42 303
33 72 66
33 80 514
33 83 52
33 97 814
34 41 824
34 46 990
34 47 888
34 54 820
34 62 449
34 64 288
34 78 418
35 37 332
35 45 148
35 51 340
35 56 944
35 70 256
35 74 860
35 88 124
35 91 767
35 100 195
36 59 43
36 60 295
36 67 789
36 71 882
36 83 679
37 46 418
37 48 726
37 49 902
37 57 284
37 73 185
37 74 618
37 78 147
38 42 768
38 74 123
38 77 490
38 85 860
38 92 217
38 98 814
39 56 882
39 73 954
39 79 581
39 82 142
39 84 899
39 100 132
40 55 204
40 74 678
40 77 888
40 83 708
40 92 625
40 95 84
40 99 349
41 57 427
41 80 925
41 85 675
41 92 283
42 44 236
42 51 92
42 59 549
42 98 966
42 100 714
43 45 569
43 56 683
43 100 946
44 80 187
44 97 166
45 51 468
45 57 458
45 60 873
45 94 640
46 88 703
46 92 406
47 49 46
47 60 762
47 63 847
47 64 505
47 97 493
48 54 902
48 67 844
48 71 599
48 79 638
48 81 454
48 98 704
49 79 532
49 89 112
49 99 603
51 61 937
51 63 593
51 70 727
51 82 186
51 84 762
51 87 744
52 73 301
52 80 307
53 54 606
53 69 668
53 75 940
53 79 951
53 83 947
53 97 416
54 67 845
54 81 35
54 91 393
54 97 547
55 77 19
55 78 951
56 63 522
56 90 597
56 97 406
57 81 395
57 87 619
57 92 559
58 87 728
58 94 143
58 98 713
59 61 700
59 76 192
59 80 572
59 87 880
59 91 305
59 96 631
59 99 51
60 77 90
61 73 364
61 86 808
61 94 856
61 97 151
62 91 535
62 97 563
63 64 437
63 66 148
63 74 654
63 76 169
63 78 620
63 94 576
64 68 969
64 82 911
64 85 429
64 97 294
65 72 130
65 73 185
65 76 764
65 96 801
65 97 804
66 67 91
66 73 109
66 76 75
66 79 146
66 82 612
67 68 105
67 77 970
67 85 493
67 86 748
67 92 442
68 72 472
68 88 514
69 83 956
69 95 568
69 97 957
69 99 358
70 79 362
70 86 105
70 100 376
71 90 341
71 92 933
71 95 633
72 100 122
73 88 804
73 100 445
74 80 637
74 81 978
75 76 258
75 83 256
76 92 664
77 83 797
77 84 743
77 92 235
77 93 400
78 82 950
78 84 779
78 94 489
79 81 954
79 88 889
79 100 500
80 81 865
80 97 985
81 88 771
81 90 616
81 98 855
82 96 330
82 97 326
83 85 669
83 93 72
85 97 782
86 90 642
86 92 440
86 94 958
86 96 484
87 97 856
87 98 967
88 100 47
89 95 861
89 98 52
90 91 902
91 100 50
92 96 158
92 100 580
93 98 883
94 95 181
